-11 -11 -11 -11 -11 -11 -11 -11 -11 -11 -11 -11 -11 -11 -11 -11 -11 -11 -11
-11 000 001 002 003 004 005 006 007 -11 008 009 010 011 012 013 014 015 -11
-11 016 -11 -11 017 -11 -11 -11 018 -11 019 -11 -11 -11 020 -11 -11 021 -11
-11 022 023 024 025 026 027 028 029 030 031 032 033 034 035 036 037 038 -11
-11 039 -11 -11 040 -11 041 -11 -11 -11 -11 -11 042 -11 043 -11 -11 044 -11
-11 045 046 047 048 -11 049 050 051 -11 052 053 054 -11 055 056 057 058 -11
-11 -11 -11 -11 059 -11 -11 -11 060 -11 061 -11 -11 -11 062 -11 -11 -11 -11
-11 -11 -11 -11 063 -11 064 065 066 067 068 069 070 -11 071 -11 -11 -11 -11
-11 -11 -11 -11 072 -11 073 -11 -11 074 -11 -11 075 -11 076 -11 -11 -11 -11
077 078 079 080 081 082 083 -11 084 085 086 -11 087 088 089 090 091 092 093
-11 -11 -11 -11 094 -11 095 -11 -11 -11 -11 -11 096 -11 097 -11 -11 -11 -11
-11 -11 -11 -11 098 -11 099 100 101 102 103 104 105 -11 106 -11 -11 -11 -11
-11 -11 -11 -11 107 -11 108 -11 -11 -11 -11 -11 109 -11 110 -11 -11 -11 -11
-11 111 112 113 114 115 116 117 118 -11 119 120 121 122 123 124 125 126 -11
-11 127 -11 -11 128 -11 -11 -11 129 -11 130 -11 -11 -11 131 -11 -11 132 -11
-11 133 134 -11 135 136 137 138 139 140 141 142 143 144 145 -11 146 147 -11
-11 -11 148 -11 149 -11 150 -11 -11 -11 -11 -11 151 -11 152 -11 153 -11 -11
-11 154 155 156 157 -11 158 159 160 -11 161 162 163 -11 164 165 166 167 -11
-11 168 -11 -11 -11 -11 -11 -11 169 -11 170 -11 -11 -11 -11 -11 -11 171 -11
-11 172 173 174 175 176 177 178 179 180 181 182 183 184 185 186 187 188 -11
-11 -11 -11 -11 -11 -11 -11 -11 -11 -11 -11 -11 -11 -11 -11 -11 -11 -11 -11